pos/2214.png 1 0 0 500 500
pos/4712.png 1 0 0 500 500
pos/347.png 1 0 0 500 500
pos/3944.png 1 0 0 500 500
pos/4492.png 1 0 0 500 500
pos/1.png 1 0 0 500 500
pos/5.png 1 0 0 500 500
pos/4.png 1 0 0 500 500
pos/3.png 1 0 0 500 500
pos/2.png 1 0 0 500 500
pos/6.png 1 0 0 500 500
pos/7.png 1 0 0 500 500
pos/8.png 1 0 0 500 500
pos/12.png 1 0 0 500 500
pos/13.png 1 0 0 500 500
pos/14.png 1 0 0 500 500
pos/15.png 1 0 0 500 500
pos/16.png 1 0 0 500 500
pos/17.png 1 0 0 500 500
pos/18.png 1 0 0 500 500
pos/19.png 1 0 0 500 500
pos/20.png 1 0 0 500 500
pos/21.png 1 0 0 500 500
pos/22.png 1 0 0 500 500
pos/23.png 1 0 0 500 500
pos/24.png 1 0 0 500 500
pos/25.png 1 0 0 500 500
pos/26.png 1 0 0 500 500
pos/27.png 1 0 0 500 500
pos/28.png 1 0 0 500 500
pos/29.png 1 0 0 500 500
pos/30.png 1 0 0 500 500
pos/31.png 1 0 0 500 500
pos/33.png 1 0 0 500 500
pos/34.png 1 0 0 500 500
pos/38.png 1 0 0 500 500
pos/39.png 1 0 0 500 500
pos/40.png 1 0 0 500 500
pos/42.png 1 0 0 500 500
pos/43.png 1 0 0 500 500
pos/44.png 1 0 0 500 500
pos/45.png 1 0 0 500 500
pos/46.png 1 0 0 500 500
pos/47.png 1 0 0 500 500
pos/48.png 1 0 0 500 500
pos/49.png 1 0 0 500 500
pos/50.png 1 0 0 500 500
pos/51.png 1 0 0 500 500
pos/52.png 1 0 0 500 500
pos/53.png 1 0 0 500 500
pos/54.png 1 0 0 500 500
pos/55.png 1 0 0 500 500
pos/57.png 1 0 0 500 500
pos/58.png 1 0 0 500 500
pos/59.png 1 0 0 500 500
pos/60.png 1 0 0 500 500
pos/61.png 1 0 0 500 500
pos/62.png 1 0 0 500 500
pos/63.png 1 0 0 500 500
pos/64.png 1 0 0 500 500
pos/65.png 1 0 0 500 500
pos/66.png 1 0 0 500 500
pos/67.png 1 0 0 500 500
pos/68.png 1 0 0 500 500
pos/69.png 1 0 0 500 500
pos/71.png 1 0 0 500 500
pos/72.png 1 0 0 500 500
pos/73.png 1 0 0 500 500
pos/74.png 1 0 0 500 500
pos/75.png 1 0 0 500 500
pos/76.png 1 0 0 500 500
pos/77.png 1 0 0 500 500
pos/78.png 1 0 0 500 500
pos/79.png 1 0 0 500 500
pos/82.png 1 0 0 500 500
pos/83.png 1 0 0 500 500
pos/84.png 1 0 0 500 500
pos/85.png 1 0 0 500 500
pos/86.png 1 0 0 500 500
pos/87.png 1 0 0 500 500
pos/88.png 1 0 0 500 500
pos/89.png 1 0 0 500 500
pos/91.png 1 0 0 500 500
pos/92.png 1 0 0 500 500
pos/93.png 1 0 0 500 500
pos/94.png 1 0 0 500 500
pos/95.png 1 0 0 500 500
pos/96.png 1 0 0 500 500
pos/97.png 1 0 0 500 500
pos/98.png 1 0 0 500 500
pos/100.png 1 0 0 500 500
pos/101.png 1 0 0 500 500
pos/103.png 1 0 0 500 500
pos/104.png 1 0 0 500 500
pos/106.png 1 0 0 500 500
pos/107.png 1 0 0 500 500
pos/108.png 1 0 0 500 500
pos/111.png 1 0 0 500 500
pos/112.png 1 0 0 500 500
pos/109.png 1 0 0 500 500
pos/110.png 1 0 0 500 500
pos/114.png 1 0 0 500 500
pos/115.png 1 0 0 500 500
pos/116.png 1 0 0 500 500
pos/117.png 1 0 0 500 500
pos/118.png 1 0 0 500 500
pos/119.png 1 0 0 500 500
pos/120.png 1 0 0 500 500
pos/121.png 1 0 0 500 500
pos/122.png 1 0 0 500 500
pos/123.png 1 0 0 500 500
pos/124.png 1 0 0 500 500
pos/125.png 1 0 0 500 500
pos/126.png 1 0 0 500 500
pos/127.png 1 0 0 500 500
pos/128.png 1 0 0 500 500
pos/129.png 1 0 0 500 500
pos/130.png 1 0 0 500 500
pos/131.png 1 0 0 500 500
pos/132.png 1 0 0 500 500
pos/133.png 1 0 0 500 500
pos/134.png 1 0 0 500 500
pos/135.png 1 0 0 500 500
pos/136.png 1 0 0 500 500
pos/137.png 1 0 0 500 500
pos/138.png 1 0 0 500 500
pos/139.png 1 0 0 500 500
pos/141.png 1 0 0 500 500
pos/142.png 1 0 0 500 500
pos/143.png 1 0 0 500 500
pos/145.png 1 0 0 500 500
pos/146.png 1 0 0 500 500
pos/147.png 1 0 0 500 500
pos/148.png 1 0 0 500 500
pos/150.png 1 0 0 500 500
pos/151.png 1 0 0 500 500
pos/152.png 1 0 0 500 500
pos/153.png 1 0 0 500 500
pos/154.png 1 0 0 500 500
pos/155.png 1 0 0 500 500
pos/156.png 1 0 0 500 500
pos/157.png 1 0 0 500 500
pos/159.png 1 0 0 500 500
pos/160.png 1 0 0 500 500
pos/161.png 1 0 0 500 500
pos/162.png 1 0 0 500 500
pos/163.png 1 0 0 500 500
pos/164.png 1 0 0 500 500
pos/165.png 1 0 0 500 500
pos/166.png 1 0 0 500 500
pos/169.png 1 0 0 500 500
pos/170.png 1 0 0 500 500
pos/171.png 1 0 0 500 500
pos/173.png 1 0 0 500 500
pos/174.png 1 0 0 500 500
pos/176.png 1 0 0 500 500
pos/177.png 1 0 0 500 500
pos/178.png 1 0 0 500 500
pos/179.png 1 0 0 500 500
pos/180.png 1 0 0 500 500
pos/181.png 1 0 0 500 500
pos/182.png 1 0 0 500 500
pos/185.png 1 0 0 500 500
pos/186.png 1 0 0 500 500
pos/187.png 1 0 0 500 500
pos/188.png 1 0 0 500 500
pos/190.png 1 0 0 500 500
pos/192.png 1 0 0 500 500
pos/193.png 1 0 0 500 500
pos/194.png 1 0 0 500 500
pos/195.png 1 0 0 500 500
pos/197.png 1 0 0 500 500
pos/198.png 1 0 0 500 500
pos/199.png 1 0 0 500 500
pos/200.png 1 0 0 500 500
pos/201.png 1 0 0 500 500
pos/203.png 1 0 0 500 500
pos/204.png 1 0 0 500 500
pos/206.png 1 0 0 500 500
pos/207.png 1 0 0 500 500
pos/208.png 1 0 0 500 500
pos/209.png 1 0 0 500 500
pos/210.png 1 0 0 500 500
pos/211.png 1 0 0 500 500
pos/212.png 1 0 0 500 500
pos/213.png 1 0 0 500 500
pos/214.png 1 0 0 500 500
pos/215.png 1 0 0 500 500
pos/216.png 1 0 0 500 500
pos/217.png 1 0 0 500 500
pos/218.png 1 0 0 500 500
pos/219.png 1 0 0 500 500
pos/220.png 1 0 0 500 500
pos/221.png 1 0 0 500 500
pos/222.png 1 0 0 500 500
pos/224.png 1 0 0 500 500
pos/225.png 1 0 0 500 500
pos/227.png 1 0 0 500 500
pos/228.png 1 0 0 500 500
pos/229.png 1 0 0 500 500
pos/230.png 1 0 0 500 500
pos/232.png 1 0 0 500 500
pos/233.png 1 0 0 500 500
pos/234.png 1 0 0 500 500
pos/235.png 1 0 0 500 500
pos/236.png 1 0 0 500 500
pos/237.png 1 0 0 500 500
pos/238.png 1 0 0 500 500
pos/239.png 1 0 0 500 500
pos/240.png 1 0 0 500 500
pos/241.png 1 0 0 500 500
pos/242.png 1 0 0 500 500
pos/243.png 1 0 0 500 500
pos/245.png 1 0 0 500 500
pos/246.png 1 0 0 500 500
pos/250.png 1 0 0 500 500
pos/251.png 1 0 0 500 500
pos/252.png 1 0 0 500 500
pos/253.png 1 0 0 500 500
pos/257.png 1 0 0 500 500
pos/264.png 1 0 0 500 500
pos/266.png 1 0 0 500 500
pos/267.png 1 0 0 500 500
pos/271.png 1 0 0 500 500
pos/276.png 1 0 0 500 500
pos/277.png 1 0 0 500 500
pos/279.png 1 0 0 500 500
pos/280.png 1 0 0 500 500
pos/281.png 1 0 0 500 500
pos/282.png 1 0 0 500 500
pos/285.png 1 0 0 500 500
pos/286.png 1 0 0 500 500
pos/292.png 1 0 0 500 500
pos/293.png 1 0 0 500 500
pos/295.png 1 0 0 500 500
pos/296.png 1 0 0 500 500
pos/297.png 1 0 0 500 500
pos/298.png 1 0 0 500 500
pos/299.png 1 0 0 500 500
pos/303.png 1 0 0 500 500
pos/304.png 1 0 0 500 500
pos/306.png 1 0 0 500 500
pos/309.png 1 0 0 500 500
pos/311.png 1 0 0 500 500
pos/313.png 1 0 0 500 500
pos/317.png 1 0 0 500 500
pos/318.png 1 0 0 500 500
pos/323.png 1 0 0 500 500
pos/325.png 1 0 0 500 500
pos/326.png 1 0 0 500 500
pos/328.png 1 0 0 500 500
pos/330.png 1 0 0 500 500
pos/331.png 1 0 0 500 500
pos/334.png 1 0 0 500 500
pos/336.png 1 0 0 500 500
pos/337.png 1 0 0 500 500
pos/338.png 1 0 0 500 500
pos/750.png 1 0 0 500 500
pos/351.png 1 0 0 500 500
pos/356.png 1 0 0 500 500
pos/353.png 1 0 0 500 500
pos/354.png 1 0 0 500 500
pos/357.png 1 0 0 500 500
pos/358.png 1 0 0 500 500
pos/360.png 1 0 0 500 500
pos/362.png 1 0 0 500 500
pos/363.png 1 0 0 500 500
pos/369.png 1 0 0 500 500
pos/373.png 1 0 0 500 500
pos/374.png 1 0 0 500 500
pos/375.png 1 0 0 500 500
pos/378.png 1 0 0 500 500
pos/380.png 1 0 0 500 500
pos/382.png 1 0 0 500 500
pos/383.png 1 0 0 500 500
pos/385.png 1 0 0 500 500
pos/386.png 1 0 0 500 500
pos/388.png 1 0 0 500 500
pos/391.png 1 0 0 500 500
pos/393.png 1 0 0 500 500
pos/395.png 1 0 0 500 500
pos/397.png 1 0 0 500 500
pos/398.png 1 0 0 500 500
pos/403.png 1 0 0 500 500
pos/404.png 1 0 0 500 500
pos/405.png 1 0 0 500 500
pos/409.png 1 0 0 500 500
pos/411.png 1 0 0 500 500
pos/412.png 1 0 0 500 500
pos/413.png 1 0 0 500 500
pos/415.png 1 0 0 500 500
pos/416.png 1 0 0 500 500
pos/418.png 1 0 0 500 500
pos/423.png 1 0 0 500 500
pos/425.png 1 0 0 500 500
pos/426.png 1 0 0 500 500
pos/427.png 1 0 0 500 500
pos/428.png 1 0 0 500 500
pos/429.png 1 0 0 500 500
pos/430.png 1 0 0 500 500
pos/432.png 1 0 0 500 500
pos/433.png 1 0 0 500 500
pos/439.png 1 0 0 500 500
pos/444.png 1 0 0 500 500
pos/451.png 1 0 0 500 500
pos/453.png 1 0 0 500 500
pos/456.png 1 0 0 500 500
pos/457.png 1 0 0 500 500
pos/458.png 1 0 0 500 500
pos/459.png 1 0 0 500 500
pos/463.png 1 0 0 500 500
pos/464.png 1 0 0 500 500
pos/469.png 1 0 0 500 500
pos/472.png 1 0 0 500 500
pos/473.png 1 0 0 500 500
pos/474.png 1 0 0 500 500
pos/475.png 1 0 0 500 500
pos/477.png 1 0 0 500 500
pos/478.png 1 0 0 500 500
pos/480.png 1 0 0 500 500
pos/482.png 1 0 0 500 500
pos/486.png 1 0 0 500 500
pos/492.png 1 0 0 500 500
pos/493.png 1 0 0 500 500
pos/494.png 1 0 0 500 500
pos/497.png 1 0 0 500 500
pos/499.png 1 0 0 500 500
pos/500.png 1 0 0 500 500
pos/501.png 1 0 0 500 500
pos/508.png 1 0 0 500 500
pos/511.png 1 0 0 500 500
pos/512.png 1 0 0 500 500
pos/514.png 1 0 0 500 500
pos/522.png 1 0 0 500 500
pos/524.png 1 0 0 500 500
pos/525.png 1 0 0 500 500
pos/526.png 1 0 0 500 500
pos/530.png 1 0 0 500 500
pos/531.png 1 0 0 500 500
pos/532.png 1 0 0 500 500
pos/534.png 1 0 0 500 500
pos/535.png 1 0 0 500 500
pos/537.png 1 0 0 500 500
pos/539.png 1 0 0 500 500
pos/541.png 1 0 0 500 500
pos/543.png 1 0 0 500 500
pos/544.png 1 0 0 500 500
pos/545.png 1 0 0 500 500
pos/549.png 1 0 0 500 500
pos/552.png 1 0 0 500 500
pos/554.png 1 0 0 500 500
pos/555.png 1 0 0 500 500
pos/558.png 1 0 0 500 500
pos/563.png 1 0 0 500 500
pos/566.png 1 0 0 500 500
pos/570.png 1 0 0 500 500
pos/572.png 1 0 0 500 500
pos/574.png 1 0 0 500 500
pos/576.png 1 0 0 500 500
pos/581.png 1 0 0 500 500
pos/584.png 1 0 0 500 500
pos/592.png 1 0 0 500 500
pos/593.png 1 0 0 500 500
pos/597.png 1 0 0 500 500
pos/599.png 1 0 0 500 500
pos/601.png 1 0 0 500 500
pos/602.png 1 0 0 500 500
pos/606.png 1 0 0 500 500
pos/609.png 1 0 0 500 500
pos/610.png 1 0 0 500 500
pos/611.png 1 0 0 500 500
pos/612.png 1 0 0 500 500
pos/615.png 1 0 0 500 500
pos/617.png 1 0 0 500 500
pos/619.png 1 0 0 500 500
pos/620.png 1 0 0 500 500
pos/623.png 1 0 0 500 500
pos/624.png 1 0 0 500 500
pos/625.png 1 0 0 500 500
pos/628.png 1 0 0 500 500
pos/636.png 1 0 0 500 500
pos/637.png 1 0 0 500 500
pos/638.png 1 0 0 500 500
pos/639.png 1 0 0 500 500
pos/642.png 1 0 0 500 500
pos/644.png 1 0 0 500 500
pos/647.png 1 0 0 500 500
pos/653.png 1 0 0 500 500
pos/655.png 1 0 0 500 500
pos/662.png 1 0 0 500 500
pos/665.png 1 0 0 500 500
pos/667.png 1 0 0 500 500
pos/669.png 1 0 0 500 500
pos/670.png 1 0 0 500 500
pos/671.png 1 0 0 500 500
pos/672.png 1 0 0 500 500
pos/673.png 1 0 0 500 500
pos/676.png 1 0 0 500 500
pos/678.png 1 0 0 500 500
pos/681.png 1 0 0 500 500
pos/687.png 1 0 0 500 500
pos/693.png 1 0 0 500 500
pos/698.png 1 0 0 500 500
pos/699.png 1 0 0 500 500
pos/701.png 1 0 0 500 500
pos/703.png 1 0 0 500 500
pos/705.png 1 0 0 500 500
pos/708.png 1 0 0 500 500
pos/710.png 1 0 0 500 500
pos/714.png 1 0 0 500 500
pos/715.png 1 0 0 500 500
pos/716.png 1 0 0 500 500
pos/718.png 1 0 0 500 500
pos/725.png 1 0 0 500 500
pos/726.png 1 0 0 500 500
pos/727.png 1 0 0 500 500
pos/728.png 1 0 0 500 500
pos/729.png 1 0 0 500 500
pos/731.png 1 0 0 500 500
pos/733.png 1 0 0 500 500
pos/734.png 1 0 0 500 500
pos/737.png 1 0 0 500 500
pos/739.png 1 0 0 500 500
pos/742.png 1 0 0 500 500
pos/743.png 1 0 0 500 500
pos/749.png 1 0 0 500 500
pos/247.png 1 0 0 500 500
pos/248.png 1 0 0 500 500
pos/249.png 1 0 0 500 500
pos/254.png 1 0 0 500 500
pos/255.png 1 0 0 500 500
pos/259.png 1 0 0 500 500
pos/260.png 1 0 0 500 500
pos/261.png 1 0 0 500 500
pos/262.png 1 0 0 500 500
pos/265.png 1 0 0 500 500
pos/268.png 1 0 0 500 500
pos/269.png 1 0 0 500 500
pos/272.png 1 0 0 500 500
pos/274.png 1 0 0 500 500
pos/275.png 1 0 0 500 500
pos/283.png 1 0 0 500 500
pos/287.png 1 0 0 500 500
pos/288.png 1 0 0 500 500
pos/289.png 1 0 0 500 500
pos/290.png 1 0 0 500 500
pos/291.png 1 0 0 500 500
pos/294.png 1 0 0 500 500
pos/300.png 1 0 0 500 500
pos/301.png 1 0 0 500 500
pos/305.png 1 0 0 500 500
pos/307.png 1 0 0 500 500
pos/310.png 1 0 0 500 500
pos/312.png 1 0 0 500 500
pos/314.png 1 0 0 500 500
pos/315.png 1 0 0 500 500
pos/316.png 1 0 0 500 500
pos/319.png 1 0 0 500 500
pos/320.png 1 0 0 500 500
pos/322.png 1 0 0 500 500
pos/324.png 1 0 0 500 500
pos/329.png 1 0 0 500 500
pos/332.png 1 0 0 500 500
pos/333.png 1 0 0 500 500
pos/335.png 1 0 0 500 500
pos/339.png 1 0 0 500 500
pos/340.png 1 0 0 500 500
pos/342.png 1 0 0 500 500
pos/343.png 1 0 0 500 500
pos/344.png 1 0 0 500 500
pos/345.png 1 0 0 500 500
pos/346.png 1 0 0 500 500
pos/348.png 1 0 0 500 500
pos/349.png 1 0 0 500 500
pos/350.png 1 0 0 500 500
pos/352.png 1 0 0 500 500
pos/359.png 1 0 0 500 500
pos/361.png 1 0 0 500 500
pos/364.png 1 0 0 500 500
pos/368.png 1 0 0 500 500
pos/370.png 1 0 0 500 500
pos/371.png 1 0 0 500 500
pos/376.png 1 0 0 500 500
pos/377.png 1 0 0 500 500
pos/379.png 1 0 0 500 500
pos/381.png 1 0 0 500 500
pos/390.png 1 0 0 500 500
pos/394.png 1 0 0 500 500
pos/400.png 1 0 0 500 500
pos/401.png 1 0 0 500 500
pos/402.png 1 0 0 500 500
pos/406.png 1 0 0 500 500
pos/414.png 1 0 0 500 500
pos/420.png 1 0 0 500 500
pos/421.png 1 0 0 500 500
pos/422.png 1 0 0 500 500
pos/424.png 1 0 0 500 500
pos/431.png 1 0 0 500 500
pos/434.png 1 0 0 500 500
pos/435.png 1 0 0 500 500
pos/436.png 1 0 0 500 500
pos/437.png 1 0 0 500 500
pos/438.png 1 0 0 500 500
pos/440.png 1 0 0 500 500
pos/441.png 1 0 0 500 500
pos/442.png 1 0 0 500 500
pos/443.png 1 0 0 500 500
pos/445.png 1 0 0 500 500
pos/446.png 1 0 0 500 500
pos/447.png 1 0 0 500 500
pos/448.png 1 0 0 500 500
pos/449.png 1 0 0 500 500
pos/450.png 1 0 0 500 500
pos/452.png 1 0 0 500 500
pos/460.png 1 0 0 500 500
pos/461.png 1 0 0 500 500
pos/462.png 1 0 0 500 500
pos/466.png 1 0 0 500 500
pos/468.png 1 0 0 500 500
pos/471.png 1 0 0 500 500
pos/476.png 1 0 0 500 500
pos/481.png 1 0 0 500 500
pos/483.png 1 0 0 500 500
pos/484.png 1 0 0 500 500
pos/485.png 1 0 0 500 500
pos/487.png 1 0 0 500 500
pos/488.png 1 0 0 500 500
pos/490.png 1 0 0 500 500
pos/491.png 1 0 0 500 500
pos/495.png 1 0 0 500 500
pos/496.png 1 0 0 500 500
pos/498.png 1 0 0 500 500
pos/502.png 1 0 0 500 500
pos/504.png 1 0 0 500 500
pos/505.png 1 0 0 500 500
pos/507.png 1 0 0 500 500
pos/510.png 1 0 0 500 500
pos/515.png 1 0 0 500 500
pos/516.png 1 0 0 500 500
pos/517.png 1 0 0 500 500
pos/518.png 1 0 0 500 500
pos/519.png 1 0 0 500 500
pos/520.png 1 0 0 500 500
pos/521.png 1 0 0 500 500
pos/527.png 1 0 0 500 500
pos/528.png 1 0 0 500 500
pos/529.png 1 0 0 500 500
pos/538.png 1 0 0 500 500
pos/540.png 1 0 0 500 500
pos/546.png 1 0 0 500 500
pos/548.png 1 0 0 500 500
pos/550.png 1 0 0 500 500
pos/551.png 1 0 0 500 500
pos/553.png 1 0 0 500 500
pos/556.png 1 0 0 500 500
pos/557.png 1 0 0 500 500
pos/559.png 1 0 0 500 500
pos/560.png 1 0 0 500 500
pos/561.png 1 0 0 500 500
pos/562.png 1 0 0 500 500
pos/564.png 1 0 0 500 500
pos/565.png 1 0 0 500 500
pos/567.png 1 0 0 500 500
pos/568.png 1 0 0 500 500
pos/569.png 1 0 0 500 500
pos/573.png 1 0 0 500 500
pos/575.png 1 0 0 500 500
pos/577.png 1 0 0 500 500
pos/578.png 1 0 0 500 500
pos/579.png 1 0 0 500 500
pos/580.png 1 0 0 500 500
pos/587.png 1 0 0 500 500
pos/588.png 1 0 0 500 500
pos/589.png 1 0 0 500 500
pos/594.png 1 0 0 500 500
pos/598.png 1 0 0 500 500
pos/600.png 1 0 0 500 500
pos/603.png 1 0 0 500 500
pos/604.png 1 0 0 500 500
pos/605.png 1 0 0 500 500
pos/607.png 1 0 0 500 500
pos/608.png 1 0 0 500 500
pos/614.png 1 0 0 500 500
pos/616.png 1 0 0 500 500
pos/618.png 1 0 0 500 500
pos/621.png 1 0 0 500 500
pos/622.png 1 0 0 500 500
pos/627.png 1 0 0 500 500
pos/629.png 1 0 0 500 500
pos/630.png 1 0 0 500 500
pos/631.png 1 0 0 500 500
pos/632.png 1 0 0 500 500
pos/634.png 1 0 0 500 500
pos/635.png 1 0 0 500 500
pos/640.png 1 0 0 500 500
pos/641.png 1 0 0 500 500
pos/646.png 1 0 0 500 500
pos/648.png 1 0 0 500 500
pos/649.png 1 0 0 500 500
pos/650.png 1 0 0 500 500
pos/651.png 1 0 0 500 500
pos/652.png 1 0 0 500 500
pos/654.png 1 0 0 500 500
pos/656.png 1 0 0 500 500
pos/657.png 1 0 0 500 500
pos/658.png 1 0 0 500 500
pos/659.png 1 0 0 500 500
pos/660.png 1 0 0 500 500
pos/661.png 1 0 0 500 500
pos/663.png 1 0 0 500 500
pos/664.png 1 0 0 500 500
pos/666.png 1 0 0 500 500
pos/668.png 1 0 0 500 500
pos/675.png 1 0 0 500 500
pos/677.png 1 0 0 500 500
pos/679.png 1 0 0 500 500
pos/682.png 1 0 0 500 500
pos/684.png 1 0 0 500 500
pos/685.png 1 0 0 500 500
pos/686.png 1 0 0 500 500
pos/688.png 1 0 0 500 500
pos/690.png 1 0 0 500 500
pos/691.png 1 0 0 500 500
pos/692.png 1 0 0 500 500
pos/694.png 1 0 0 500 500
pos/695.png 1 0 0 500 500
pos/696.png 1 0 0 500 500
pos/700.png 1 0 0 500 500
pos/702.png 1 0 0 500 500
pos/706.png 1 0 0 500 500
pos/707.png 1 0 0 500 500
pos/709.png 1 0 0 500 500
pos/711.png 1 0 0 500 500
pos/712.png 1 0 0 500 500
pos/713.png 1 0 0 500 500
pos/717.png 1 0 0 500 500
pos/722.png 1 0 0 500 500
pos/730.png 1 0 0 500 500
pos/732.png 1 0 0 500 500
pos/735.png 1 0 0 500 500
pos/740.png 1 0 0 500 500
pos/748.png 1 0 0 500 500
pos/736.png 1 0 0 500 500
pos/738.png 1 0 0 500 500
pos/741.png 1 0 0 500 500
pos/744.png 1 0 0 500 500
pos/746.png 1 0 0 500 500
pos/747.png 1 0 0 500 500
